=========================
k = 1
Tabu List: []
x_new: [30, 23, 29, 10, 9, 14, 13, 12, 4, 20, 22, 3, 27, 28, 8, 7, 19, 21, 26, 18, 25, 17, 15, 6, 24, 16, 5, 11, 2, 1, 31]
Swap was made between jobs: (23, 29)
g_curr: 341
delta 0
g_best: 341
New g_best: 341
=========================
k = 2
Tabu List: [(23, 29)]
x_new: [30, 23, 10, 29, 9, 14, 13, 12, 4, 20, 22, 3, 27, 28, 8, 7, 19, 21, 26, 18, 25, 17, 15, 6, 24, 16, 5, 11, 2, 1, 31]
Swap was made between jobs: (10, 29)
g_curr: 341
delta 0
g_best: 341
New g_best: 341
=========================
k = 3
Tabu List: [(10, 29), (23, 29)]
x_new: [30, 23, 10, 9, 29, 14, 13, 12, 4, 20, 22, 3, 27, 28, 8, 7, 19, 21, 26, 18, 25, 17, 15, 6, 24, 16, 5, 11, 2, 1, 31]
Swap was made between jobs: (9, 29)
g_curr: 341
delta 0
g_best: 341
New g_best: 341
=========================
k = 4
Tabu List: [(9, 29), (10, 29), (23, 29)]
x_new: [30, 23, 10, 9, 14, 29, 13, 12, 4, 20, 22, 3, 27, 28, 8, 7, 19, 21, 26, 18, 25, 17, 15, 6, 24, 16, 5, 11, 2, 1, 31]
Swap was made between jobs: (14, 29)
g_curr: 341
delta 0
g_best: 341
New g_best: 341
=========================
k = 5
Tabu List: [(14, 29), (9, 29), (10, 29), (23, 29)]
x_new: [30, 23, 10, 9, 14, 13, 29, 12, 4, 20, 22, 3, 27, 28, 8, 7, 19, 21, 26, 18, 25, 17, 15, 6, 24, 16, 5, 11, 2, 1, 31]
Swap was made between jobs: (13, 29)
g_curr: 341
delta 0
g_best: 341
New g_best: 341
=========================
k = 6
Tabu List: [(13, 29), (14, 29), (9, 29), (10, 29), (23, 29)]
x_new: [30, 23, 10, 9, 14, 13, 12, 29, 4, 20, 22, 3, 27, 28, 8, 7, 19, 21, 26, 18, 25, 17, 15, 6, 24, 16, 5, 11, 2, 1, 31]
Swap was made between jobs: (12, 29)
g_curr: 341
delta 0
g_best: 341
New g_best: 341
=========================
k = 7
Tabu List: [(12, 29), (13, 29), (14, 29), (9, 29), (10, 29), (23, 29)]
x_new: [30, 23, 10, 9, 14, 13, 12, 4, 29, 20, 22, 3, 27, 28, 8, 7, 19, 21, 26, 18, 25, 17, 15, 6, 24, 16, 5, 11, 2, 1, 31]
Swap was made between jobs: (4, 29)
g_curr: 341
delta 0
g_best: 341
New g_best: 341
=========================
k = 8
Tabu List: [(4, 29), (12, 29), (13, 29), (14, 29), (9, 29), (10, 29), (23, 29)]
x_new: [30, 23, 10, 9, 14, 13, 12, 4, 20, 29, 22, 3, 27, 28, 8, 7, 19, 21, 26, 18, 25, 17, 15, 6, 24, 16, 5, 11, 2, 1, 31]
Swap was made between jobs: (20, 29)
g_curr: 341
delta 0
g_best: 341
New g_best: 341
=========================
k = 9
Tabu List: [(20, 29), (4, 29), (12, 29), (13, 29), (14, 29), (9, 29), (10, 29), (23, 29)]
x_new: [30, 23, 10, 9, 14, 13, 12, 4, 20, 22, 29, 3, 27, 28, 8, 7, 19, 21, 26, 18, 25, 17, 15, 6, 24, 16, 5, 11, 2, 1, 31]
Swap was made between jobs: (22, 29)
g_curr: 341
delta 0
g_best: 341
New g_best: 341
=========================
k = 10
Tabu List: [(22, 29), (20, 29), (4, 29), (12, 29), (13, 29), (14, 29), (9, 29), (10, 29), (23, 29)]
x_new: [30, 23, 10, 9, 14, 13, 12, 4, 20, 22, 3, 29, 27, 28, 8, 7, 19, 21, 26, 18, 25, 17, 15, 6, 24, 16, 5, 11, 2, 1, 31]
Swap was made between jobs: (3, 29)
g_curr: 335
delta 6
g_best: 341
New g_best: 335
