=========================
k = 1
Tabu List: []
x_new: [30, 23, 29, 10, 9, 14, 13, 12, 4, 20, 22, 3, 27, 28, 8, 7, 19, 21, 26, 18, 25, 17, 15, 6, 24, 16, 5, 11, 2, 1, 31]
Swap was made between jobs: (23, 29)
g_curr: 341
delta 0
g_best: 341
New g_best: 341
=========================
k = 2
Tabu List: [(23, 29)]
x_new: [30, 23, 10, 29, 9, 14, 13, 12, 4, 20, 22, 3, 27, 28, 8, 7, 19, 21, 26, 18, 25, 17, 15, 6, 24, 16, 5, 11, 2, 1, 31]
Swap was made between jobs: (10, 29)
g_curr: 341
delta 0
g_best: 341
New g_best: 341
=========================
k = 3
Tabu List: [(10, 29), (23, 29)]
x_new: [30, 23, 10, 9, 29, 14, 13, 12, 4, 20, 22, 3, 27, 28, 8, 7, 19, 21, 26, 18, 25, 17, 15, 6, 24, 16, 5, 11, 2, 1, 31]
Swap was made between jobs: (9, 29)
g_curr: 341
delta 0
g_best: 341
New g_best: 341
=========================
k = 4
Tabu List: [(9, 29), (10, 29), (23, 29)]
x_new: [30, 23, 10, 9, 14, 29, 13, 12, 4, 20, 22, 3, 27, 28, 8, 7, 19, 21, 26, 18, 25, 17, 15, 6, 24, 16, 5, 11, 2, 1, 31]
Swap was made between jobs: (14, 29)
g_curr: 341
delta 0
g_best: 341
New g_best: 341
=========================
k = 5
Tabu List: [(14, 29), (9, 29), (10, 29), (23, 29)]
x_new: [30, 23, 10, 9, 14, 13, 29, 12, 4, 20, 22, 3, 27, 28, 8, 7, 19, 21, 26, 18, 25, 17, 15, 6, 24, 16, 5, 11, 2, 1, 31]
Swap was made between jobs: (13, 29)
g_curr: 341
delta 0
g_best: 341
New g_best: 341
=========================
k = 6
Tabu List: [(13, 29), (14, 29), (9, 29), (10, 29), (23, 29)]
x_new: [30, 23, 10, 9, 14, 13, 12, 29, 4, 20, 22, 3, 27, 28, 8, 7, 19, 21, 26, 18, 25, 17, 15, 6, 24, 16, 5, 11, 2, 1, 31]
Swap was made between jobs: (12, 29)
g_curr: 341
delta 0
g_best: 341
New g_best: 341
=========================
k = 7
Tabu List: [(12, 29), (13, 29), (14, 29), (9, 29), (10, 29), (23, 29)]
x_new: [30, 23, 10, 9, 14, 13, 12, 4, 29, 20, 22, 3, 27, 28, 8, 7, 19, 21, 26, 18, 25, 17, 15, 6, 24, 16, 5, 11, 2, 1, 31]
Swap was made between jobs: (4, 29)
g_curr: 341
delta 0
g_best: 341
New g_best: 341
=========================
k = 8
Tabu List: [(4, 29), (12, 29), (13, 29), (14, 29), (9, 29), (10, 29), (23, 29)]
x_new: [30, 23, 10, 9, 14, 13, 12, 4, 20, 29, 22, 3, 27, 28, 8, 7, 19, 21, 26, 18, 25, 17, 15, 6, 24, 16, 5, 11, 2, 1, 31]
Swap was made between jobs: (20, 29)
g_curr: 341
delta 0
g_best: 341
New g_best: 341
=========================
k = 9
Tabu List: [(20, 29), (4, 29), (12, 29), (13, 29), (14, 29), (9, 29), (10, 29), (23, 29)]
x_new: [30, 23, 10, 9, 14, 13, 12, 4, 20, 22, 29, 3, 27, 28, 8, 7, 19, 21, 26, 18, 25, 17, 15, 6, 24, 16, 5, 11, 2, 1, 31]
Swap was made between jobs: (22, 29)
g_curr: 341
delta 0
g_best: 341
New g_best: 341
=========================
k = 10
Tabu List: [(22, 29), (20, 29), (4, 29), (12, 29), (13, 29), (14, 29), (9, 29), (10, 29), (23, 29)]
x_new: [30, 23, 10, 9, 14, 13, 12, 4, 20, 22, 3, 29, 27, 28, 8, 7, 19, 21, 26, 18, 25, 17, 15, 6, 24, 16, 5, 11, 2, 1, 31]
Swap was made between jobs: (3, 29)
g_curr: 335
delta 6
g_best: 341
New g_best: 335
=========================
k = 11
Tabu List: [(3, 29), (22, 29), (20, 29), (4, 29), (12, 29), (13, 29), (14, 29), (9, 29), (10, 29), (23, 29)]
x_new: [30, 23, 10, 9, 14, 13, 12, 4, 20, 22, 3, 29, 28, 27, 8, 7, 19, 21, 26, 18, 25, 17, 15, 6, 24, 16, 5, 11, 2, 1, 31]
Swap was made between jobs: (28, 27)
g_curr: 335
delta 0
g_best: 335
New g_best: 335
=========================
k = 12
Tabu List: [(28, 27), (3, 29), (22, 29), (20, 29), (4, 29), (12, 29), (13, 29), (14, 29), (9, 29), (10, 29), (23, 29)]
x_new: [30, 23, 10, 9, 14, 13, 12, 4, 20, 22, 3, 29, 28, 8, 27, 7, 19, 21, 26, 18, 25, 17, 15, 6, 24, 16, 5, 11, 2, 1, 31]
Swap was made between jobs: (8, 27)
g_curr: 335
delta 0
g_best: 335
New g_best: 335
=========================
k = 13
Tabu List: [(8, 27), (28, 27), (3, 29), (22, 29), (20, 29), (4, 29), (12, 29), (13, 29), (14, 29), (9, 29), (10, 29), (23, 29)]
x_new: [30, 23, 10, 9, 14, 13, 12, 4, 20, 22, 3, 29, 28, 8, 7, 27, 19, 21, 26, 18, 25, 17, 15, 6, 24, 16, 5, 11, 2, 1, 31]
Swap was made between jobs: (7, 27)
g_curr: 335
delta 0
g_best: 335
New g_best: 335
=========================
k = 14
Tabu List: [(7, 27), (8, 27), (28, 27), (3, 29), (22, 29), (20, 29), (4, 29), (12, 29), (13, 29), (14, 29), (9, 29), (10, 29), (23, 29)]
x_new: [30, 23, 10, 9, 14, 13, 12, 4, 20, 22, 3, 29, 28, 8, 7, 19, 27, 21, 26, 18, 25, 17, 15, 6, 24, 16, 5, 11, 2, 1, 31]
Swap was made between jobs: (19, 27)
g_curr: 335
delta 0
g_best: 335
New g_best: 335
=========================
k = 15
Tabu List: [(19, 27), (7, 27), (8, 27), (28, 27), (3, 29), (22, 29), (20, 29), (4, 29), (12, 29), (13, 29), (14, 29), (9, 29), (10, 29), (23, 29)]
x_new: [30, 23, 10, 9, 14, 13, 12, 4, 20, 22, 3, 29, 28, 8, 7, 19, 21, 27, 26, 18, 25, 17, 15, 6, 24, 16, 5, 11, 2, 1, 31]
Swap was made between jobs: (21, 27)
g_curr: 333
delta 2
g_best: 335
New g_best: 333
=========================
k = 16
Tabu List: [(21, 27), (19, 27), (7, 27), (8, 27), (28, 27), (3, 29), (22, 29), (20, 29), (4, 29), (12, 29), (13, 29), (14, 29), (9, 29), (10, 29), (23, 29)]
x_new: [30, 23, 10, 9, 14, 13, 12, 4, 20, 22, 3, 29, 28, 8, 7, 19, 21, 27, 18, 26, 25, 17, 15, 6, 24, 16, 5, 11, 2, 1, 31]
Swap was made between jobs: (18, 26)
g_curr: 323
delta 10
g_best: 333
New g_best: 323
=========================
k = 17
Tabu List: [(18, 26), (21, 27), (19, 27), (7, 27), (8, 27), (28, 27), (3, 29), (22, 29), (20, 29), (4, 29), (12, 29), (13, 29), (14, 29), (9, 29), (10, 29), (23, 29)]
x_new: [30, 23, 10, 9, 14, 13, 12, 4, 20, 22, 3, 29, 28, 8, 7, 19, 21, 27, 18, 26, 17, 25, 15, 6, 24, 16, 5, 11, 2, 1, 31]
Swap was made between jobs: (17, 25)
g_curr: 323
delta 0
g_best: 323
New g_best: 323
=========================
k = 18
Tabu List: [(17, 25), (18, 26), (21, 27), (19, 27), (7, 27), (8, 27), (28, 27), (3, 29), (22, 29), (20, 29), (4, 29), (12, 29), (13, 29), (14, 29), (9, 29), (10, 29), (23, 29)]
x_new: [30, 23, 10, 9, 14, 13, 12, 4, 20, 22, 3, 29, 28, 8, 7, 19, 21, 27, 18, 26, 17, 15, 25, 6, 24, 16, 5, 11, 2, 1, 31]
Swap was made between jobs: (15, 25)
g_curr: 323
delta 0
g_best: 323
New g_best: 323
=========================
k = 19
Tabu List: [(15, 25), (17, 25), (18, 26), (21, 27), (19, 27), (7, 27), (8, 27), (28, 27), (3, 29), (22, 29), (20, 29), (4, 29), (12, 29), (13, 29), (14, 29), (9, 29), (10, 29), (23, 29)]
x_new: [30, 23, 10, 9, 14, 13, 12, 4, 20, 22, 3, 29, 28, 8, 7, 19, 21, 27, 18, 26, 17, 15, 6, 25, 24, 16, 5, 11, 2, 1, 31]
Swap was made between jobs: (6, 25)
g_curr: 305
delta 18
g_best: 323
New g_best: 305
=========================
k = 20
Tabu List: [(6, 25), (15, 25), (17, 25), (18, 26), (21, 27), (19, 27), (7, 27), (8, 27), (28, 27), (3, 29), (22, 29), (20, 29), (4, 29), (12, 29), (13, 29), (14, 29), (9, 29), (10, 29), (23, 29)]
x_new: [30, 23, 10, 9, 14, 13, 12, 4, 20, 22, 3, 29, 28, 8, 7, 19, 21, 27, 18, 26, 17, 15, 6, 25, 16, 24, 5, 11, 2, 1, 31]
Swap was made between jobs: (16, 24)
g_curr: 300
delta 5
g_best: 305
New g_best: 300
=========================
k = 21
Tabu List: [(16, 24), (6, 25), (15, 25), (17, 25), (18, 26), (21, 27), (19, 27), (7, 27), (8, 27), (28, 27), (3, 29), (22, 29), (20, 29), (4, 29), (12, 29), (13, 29), (14, 29), (9, 29), (10, 29), (23, 29)]
x_new: [30, 23, 10, 9, 14, 13, 12, 4, 20, 22, 3, 29, 28, 8, 7, 19, 21, 27, 18, 26, 17, 15, 6, 25, 16, 24, 11, 5, 2, 1, 31]
Swap was made between jobs: (11, 5)
g_curr: 305
delta -5
g_best: 300
New g_best: 300
=========================
k = 22
Tabu List: [(11, 5), (16, 24), (6, 25), (15, 25), (17, 25), (18, 26), (21, 27), (19, 27), (7, 27), (8, 27), (28, 27), (3, 29), (22, 29), (20, 29), (4, 29), (12, 29), (13, 29), (14, 29), (9, 29), (10, 29)]
x_new: [30, 10, 23, 9, 14, 13, 12, 4, 20, 22, 3, 29, 28, 8, 7, 19, 21, 27, 18, 26, 17, 15, 6, 25, 16, 24, 11, 5, 2, 1, 31]
Swap was made between jobs: (10, 23)
g_curr: 305
delta 0
g_best: 300
New g_best: 300
=========================
k = 23
Tabu List: [(10, 23), (11, 5), (16, 24), (6, 25), (15, 25), (17, 25), (18, 26), (21, 27), (19, 27), (7, 27), (8, 27), (28, 27), (3, 29), (22, 29), (20, 29), (4, 29), (12, 29), (13, 29), (14, 29), (9, 29)]
x_new: [30, 10, 9, 23, 14, 13, 12, 4, 20, 22, 3, 29, 28, 8, 7, 19, 21, 27, 18, 26, 17, 15, 6, 25, 16, 24, 11, 5, 2, 1, 31]
Swap was made between jobs: (9, 23)
g_curr: 305
delta 0
g_best: 300
New g_best: 300
=========================
k = 24
Tabu List: [(9, 23), (10, 23), (11, 5), (16, 24), (6, 25), (15, 25), (17, 25), (18, 26), (21, 27), (19, 27), (7, 27), (8, 27), (28, 27), (3, 29), (22, 29), (20, 29), (4, 29), (12, 29), (13, 29), (14, 29)]
x_new: [30, 10, 9, 14, 23, 13, 12, 4, 20, 22, 3, 29, 28, 8, 7, 19, 21, 27, 18, 26, 17, 15, 6, 25, 16, 24, 11, 5, 2, 1, 31]
Swap was made between jobs: (14, 23)
g_curr: 305
delta 0
g_best: 300
New g_best: 300
=========================
k = 25
Tabu List: [(14, 23), (9, 23), (10, 23), (11, 5), (16, 24), (6, 25), (15, 25), (17, 25), (18, 26), (21, 27), (19, 27), (7, 27), (8, 27), (28, 27), (3, 29), (22, 29), (20, 29), (4, 29), (12, 29), (13, 29)]
x_new: [30, 10, 9, 14, 13, 23, 12, 4, 20, 22, 3, 29, 28, 8, 7, 19, 21, 27, 18, 26, 17, 15, 6, 25, 16, 24, 11, 5, 2, 1, 31]
Swap was made between jobs: (13, 23)
g_curr: 305
delta 0
g_best: 300
New g_best: 300
=========================
k = 26
Tabu List: [(13, 23), (14, 23), (9, 23), (10, 23), (11, 5), (16, 24), (6, 25), (15, 25), (17, 25), (18, 26), (21, 27), (19, 27), (7, 27), (8, 27), (28, 27), (3, 29), (22, 29), (20, 29), (4, 29), (12, 29)]
x_new: [30, 10, 9, 14, 13, 12, 23, 4, 20, 22, 3, 29, 28, 8, 7, 19, 21, 27, 18, 26, 17, 15, 6, 25, 16, 24, 11, 5, 2, 1, 31]
Swap was made between jobs: (12, 23)
g_curr: 305
delta 0
g_best: 300
New g_best: 300
=========================
k = 27
Tabu List: [(12, 23), (13, 23), (14, 23), (9, 23), (10, 23), (11, 5), (16, 24), (6, 25), (15, 25), (17, 25), (18, 26), (21, 27), (19, 27), (7, 27), (8, 27), (28, 27), (3, 29), (22, 29), (20, 29), (4, 29)]
x_new: [30, 10, 9, 14, 13, 12, 4, 23, 20, 22, 3, 29, 28, 8, 7, 19, 21, 27, 18, 26, 17, 15, 6, 25, 16, 24, 11, 5, 2, 1, 31]
Swap was made between jobs: (4, 23)
g_curr: 305
delta 0
g_best: 300
New g_best: 300
=========================
k = 28
Tabu List: [(4, 23), (12, 23), (13, 23), (14, 23), (9, 23), (10, 23), (11, 5), (16, 24), (6, 25), (15, 25), (17, 25), (18, 26), (21, 27), (19, 27), (7, 27), (8, 27), (28, 27), (3, 29), (22, 29), (20, 29)]
x_new: [30, 10, 9, 14, 13, 12, 4, 20, 23, 22, 3, 29, 28, 8, 7, 19, 21, 27, 18, 26, 17, 15, 6, 25, 16, 24, 11, 5, 2, 1, 31]
Swap was made between jobs: (20, 23)
g_curr: 305
delta 0
g_best: 300
New g_best: 300
=========================
k = 29
Tabu List: [(20, 23), (4, 23), (12, 23), (13, 23), (14, 23), (9, 23), (10, 23), (11, 5), (16, 24), (6, 25), (15, 25), (17, 25), (18, 26), (21, 27), (19, 27), (7, 27), (8, 27), (28, 27), (3, 29), (22, 29)]
x_new: [30, 10, 9, 14, 13, 12, 4, 20, 23, 3, 22, 29, 28, 8, 7, 19, 21, 27, 18, 26, 17, 15, 6, 25, 16, 24, 11, 5, 2, 1, 31]
Swap was made between jobs: (3, 22)
g_curr: 302
delta 3
g_best: 300
New g_best: 300
=========================
k = 30
Tabu List: [(3, 22), (20, 23), (4, 23), (12, 23), (13, 23), (14, 23), (9, 23), (10, 23), (11, 5), (16, 24), (6, 25), (15, 25), (17, 25), (18, 26), (21, 27), (19, 27), (7, 27), (8, 27), (28, 27), (3, 29)]
x_new: [30, 10, 9, 14, 13, 12, 4, 20, 23, 3, 29, 22, 28, 8, 7, 19, 21, 27, 18, 26, 17, 15, 6, 25, 16, 24, 11, 5, 2, 1, 31]
Swap was made between jobs: (29, 22)
g_curr: 302
delta 0
g_best: 300
New g_best: 300
=========================
k = 31
Tabu List: [(29, 22), (3, 22), (20, 23), (4, 23), (12, 23), (13, 23), (14, 23), (9, 23), (10, 23), (11, 5), (16, 24), (6, 25), (15, 25), (17, 25), (18, 26), (21, 27), (19, 27), (7, 27), (8, 27), (28, 27)]
x_new: [30, 10, 9, 14, 13, 12, 4, 20, 23, 3, 29, 28, 22, 8, 7, 19, 21, 27, 18, 26, 17, 15, 6, 25, 16, 24, 11, 5, 2, 1, 31]
Swap was made between jobs: (28, 22)
g_curr: 302
delta 0
g_best: 300
New g_best: 300
=========================
k = 32
Tabu List: [(28, 22), (29, 22), (3, 22), (20, 23), (4, 23), (12, 23), (13, 23), (14, 23), (9, 23), (10, 23), (11, 5), (16, 24), (6, 25), (15, 25), (17, 25), (18, 26), (21, 27), (19, 27), (7, 27), (8, 27)]
x_new: [30, 10, 9, 14, 13, 12, 4, 20, 23, 3, 29, 28, 8, 22, 7, 19, 21, 27, 18, 26, 17, 15, 6, 25, 16, 24, 11, 5, 2, 1, 31]
Swap was made between jobs: (8, 22)
g_curr: 302
delta 0
g_best: 300
New g_best: 300
=========================
k = 33
Tabu List: [(8, 22), (28, 22), (29, 22), (3, 22), (20, 23), (4, 23), (12, 23), (13, 23), (14, 23), (9, 23), (10, 23), (11, 5), (16, 24), (6, 25), (15, 25), (17, 25), (18, 26), (21, 27), (19, 27), (7, 27)]
x_new: [30, 10, 9, 14, 13, 12, 4, 20, 23, 3, 29, 28, 8, 7, 22, 19, 21, 27, 18, 26, 17, 15, 6, 25, 16, 24, 11, 5, 2, 1, 31]
Swap was made between jobs: (7, 22)
g_curr: 302
delta 0
g_best: 300
New g_best: 300
=========================
k = 34
Tabu List: [(7, 22), (8, 22), (28, 22), (29, 22), (3, 22), (20, 23), (4, 23), (12, 23), (13, 23), (14, 23), (9, 23), (10, 23), (11, 5), (16, 24), (6, 25), (15, 25), (17, 25), (18, 26), (21, 27), (19, 27)]
x_new: [30, 10, 9, 14, 13, 12, 4, 20, 23, 3, 29, 28, 8, 7, 19, 22, 21, 27, 18, 26, 17, 15, 6, 25, 16, 24, 11, 5, 2, 1, 31]
Swap was made between jobs: (19, 22)
g_curr: 302
delta 0
g_best: 300
New g_best: 300
=========================
k = 35
Tabu List: [(19, 22), (7, 22), (8, 22), (28, 22), (29, 22), (3, 22), (20, 23), (4, 23), (12, 23), (13, 23), (14, 23), (9, 23), (10, 23), (11, 5), (16, 24), (6, 25), (15, 25), (17, 25), (18, 26), (21, 27)]
x_new: [30, 10, 9, 14, 13, 12, 4, 20, 23, 3, 29, 28, 8, 7, 19, 22, 27, 21, 18, 26, 17, 15, 6, 25, 16, 24, 11, 5, 2, 1, 31]
Swap was made between jobs: (27, 21)
g_curr: 304
delta -2
=========================
k = 35
Tabu List: [(19, 22), (7, 22), (8, 22), (28, 22), (29, 22), (3, 22), (20, 23), (4, 23), (12, 23), (13, 23), (14, 23), (9, 23), (10, 23), (11, 5), (16, 24), (6, 25), (15, 25), (17, 25), (18, 26), (21, 27)]
x_new: [30, 10, 9, 14, 13, 12, 4, 20, 23, 3, 29, 28, 8, 7, 19, 22, 21, 18, 27, 26, 17, 15, 6, 25, 16, 24, 11, 5, 2, 1, 31]
Swap was made between jobs: (18, 27)
g_curr: 300
delta 2
g_best: 300
New g_best: 300
=========================
k = 36
Tabu List: [(18, 27), (19, 22), (7, 22), (8, 22), (28, 22), (29, 22), (3, 22), (20, 23), (4, 23), (12, 23), (13, 23), (14, 23), (9, 23), (10, 23), (11, 5), (16, 24), (6, 25), (15, 25), (17, 25), (18, 26)]
x_new: [30, 10, 9, 14, 13, 12, 4, 20, 23, 3, 29, 28, 8, 7, 19, 22, 21, 18, 27, 17, 26, 15, 6, 25, 16, 24, 11, 5, 2, 1, 31]
Swap was made between jobs: (17, 26)
g_curr: 300
delta 0
g_best: 300
New g_best: 300
=========================
k = 37
Tabu List: [(17, 26), (18, 27), (19, 22), (7, 22), (8, 22), (28, 22), (29, 22), (3, 22), (20, 23), (4, 23), (12, 23), (13, 23), (14, 23), (9, 23), (10, 23), (11, 5), (16, 24), (6, 25), (15, 25), (17, 25)]
x_new: [30, 10, 9, 14, 13, 12, 4, 20, 23, 3, 29, 28, 8, 7, 19, 22, 21, 18, 27, 17, 15, 26, 6, 25, 16, 24, 11, 5, 2, 1, 31]
Swap was made between jobs: (15, 26)
g_curr: 300
delta 0
g_best: 300
New g_best: 300
=========================
k = 38
Tabu List: [(15, 26), (17, 26), (18, 27), (19, 22), (7, 22), (8, 22), (28, 22), (29, 22), (3, 22), (20, 23), (4, 23), (12, 23), (13, 23), (14, 23), (9, 23), (10, 23), (11, 5), (16, 24), (6, 25), (15, 25)]
x_new: [30, 10, 9, 14, 13, 12, 4, 20, 23, 3, 29, 28, 8, 7, 19, 22, 21, 18, 27, 17, 15, 6, 26, 25, 16, 24, 11, 5, 2, 1, 31]
Swap was made between jobs: (6, 26)
g_curr: 290
delta 10
g_best: 300
New g_best: 290
=========================
k = 39
Tabu List: [(6, 26), (15, 26), (17, 26), (18, 27), (19, 22), (7, 22), (8, 22), (28, 22), (29, 22), (3, 22), (20, 23), (4, 23), (12, 23), (13, 23), (14, 23), (9, 23), (10, 23), (11, 5), (16, 24), (6, 25)]
x_new: [30, 10, 9, 14, 13, 12, 4, 20, 23, 3, 29, 28, 8, 7, 19, 22, 21, 18, 27, 17, 15, 6, 26, 16, 25, 24, 11, 5, 2, 1, 31]
Swap was made between jobs: (16, 25)
g_curr: 272
delta 18
g_best: 290
New g_best: 272
=========================
k = 40
Tabu List: [(16, 25), (6, 26), (15, 26), (17, 26), (18, 27), (19, 22), (7, 22), (8, 22), (28, 22), (29, 22), (3, 22), (20, 23), (4, 23), (12, 23), (13, 23), (14, 23), (9, 23), (10, 23), (11, 5), (16, 24)]
x_new: [30, 10, 9, 14, 13, 12, 4, 20, 23, 3, 29, 28, 8, 7, 19, 22, 21, 18, 27, 17, 15, 6, 26, 16, 25, 11, 24, 5, 2, 1, 31]
Swap was made between jobs: (11, 24)
g_curr: 273
delta -1
g_best: 272
New g_best: 272
=========================
k = 41
Tabu List: [(11, 24), (16, 25), (6, 26), (15, 26), (17, 26), (18, 27), (19, 22), (7, 22), (8, 22), (28, 22), (29, 22), (3, 22), (20, 23), (4, 23), (12, 23), (13, 23), (14, 23), (9, 23), (10, 23), (11, 5)]
x_new: [30, 10, 14, 9, 13, 12, 4, 20, 23, 3, 29, 28, 8, 7, 19, 22, 21, 18, 27, 17, 15, 6, 26, 16, 25, 11, 24, 5, 2, 1, 31]
Swap was made between jobs: (14, 9)
g_curr: 273
delta 0
g_best: 272
New g_best: 272
=========================
k = 42
Tabu List: [(14, 9), (11, 24), (16, 25), (6, 26), (15, 26), (17, 26), (18, 27), (19, 22), (7, 22), (8, 22), (28, 22), (29, 22), (3, 22), (20, 23), (4, 23), (12, 23), (13, 23), (14, 23), (9, 23), (10, 23)]
x_new: [30, 10, 14, 13, 9, 12, 4, 20, 23, 3, 29, 28, 8, 7, 19, 22, 21, 18, 27, 17, 15, 6, 26, 16, 25, 11, 24, 5, 2, 1, 31]
Swap was made between jobs: (13, 9)
g_curr: 273
delta 0
g_best: 272
New g_best: 272
=========================
k = 43
Tabu List: [(13, 9), (14, 9), (11, 24), (16, 25), (6, 26), (15, 26), (17, 26), (18, 27), (19, 22), (7, 22), (8, 22), (28, 22), (29, 22), (3, 22), (20, 23), (4, 23), (12, 23), (13, 23), (14, 23), (9, 23)]
x_new: [30, 10, 14, 13, 12, 9, 4, 20, 23, 3, 29, 28, 8, 7, 19, 22, 21, 18, 27, 17, 15, 6, 26, 16, 25, 11, 24, 5, 2, 1, 31]
Swap was made between jobs: (12, 9)
g_curr: 273
delta 0
g_best: 272
New g_best: 272
=========================
k = 44
Tabu List: [(12, 9), (13, 9), (14, 9), (11, 24), (16, 25), (6, 26), (15, 26), (17, 26), (18, 27), (19, 22), (7, 22), (8, 22), (28, 22), (29, 22), (3, 22), (20, 23), (4, 23), (12, 23), (13, 23), (14, 23)]
x_new: [30, 10, 14, 13, 12, 4, 9, 20, 23, 3, 29, 28, 8, 7, 19, 22, 21, 18, 27, 17, 15, 6, 26, 16, 25, 11, 24, 5, 2, 1, 31]
Swap was made between jobs: (4, 9)
g_curr: 273
delta 0
g_best: 272
New g_best: 272
=========================
k = 45
Tabu List: [(4, 9), (12, 9), (13, 9), (14, 9), (11, 24), (16, 25), (6, 26), (15, 26), (17, 26), (18, 27), (19, 22), (7, 22), (8, 22), (28, 22), (29, 22), (3, 22), (20, 23), (4, 23), (12, 23), (13, 23)]
x_new: [30, 10, 14, 13, 12, 4, 20, 9, 23, 3, 29, 28, 8, 7, 19, 22, 21, 18, 27, 17, 15, 6, 26, 16, 25, 11, 24, 5, 2, 1, 31]
Swap was made between jobs: (20, 9)
g_curr: 273
delta 0
g_best: 272
New g_best: 272
=========================
k = 46
Tabu List: [(20, 9), (4, 9), (12, 9), (13, 9), (14, 9), (11, 24), (16, 25), (6, 26), (15, 26), (17, 26), (18, 27), (19, 22), (7, 22), (8, 22), (28, 22), (29, 22), (3, 22), (20, 23), (4, 23), (12, 23)]
x_new: [30, 10, 14, 13, 12, 4, 20, 23, 9, 3, 29, 28, 8, 7, 19, 22, 21, 18, 27, 17, 15, 6, 26, 16, 25, 11, 24, 5, 2, 1, 31]
Swap was made between jobs: (23, 9)
g_curr: 273
delta 0
g_best: 272
New g_best: 272
=========================
k = 47
Tabu List: [(23, 9), (20, 9), (4, 9), (12, 9), (13, 9), (14, 9), (11, 24), (16, 25), (6, 26), (15, 26), (17, 26), (18, 27), (19, 22), (7, 22), (8, 22), (28, 22), (29, 22), (3, 22), (20, 23), (4, 23)]
x_new: [30, 10, 14, 13, 12, 4, 20, 23, 3, 9, 29, 28, 8, 7, 19, 22, 21, 18, 27, 17, 15, 6, 26, 16, 25, 11, 24, 5, 2, 1, 31]
Swap was made between jobs: (3, 9)
g_curr: 267
delta 6
g_best: 272
New g_best: 267
=========================
k = 48
Tabu List: [(3, 9), (23, 9), (20, 9), (4, 9), (12, 9), (13, 9), (14, 9), (11, 24), (16, 25), (6, 26), (15, 26), (17, 26), (18, 27), (19, 22), (7, 22), (8, 22), (28, 22), (29, 22), (3, 22), (20, 23)]
x_new: [30, 10, 14, 13, 12, 4, 20, 23, 3, 29, 9, 28, 8, 7, 19, 22, 21, 18, 27, 17, 15, 6, 26, 16, 25, 11, 24, 5, 2, 1, 31]
Swap was made between jobs: (29, 9)
g_curr: 267
delta 0
g_best: 267
New g_best: 267
=========================
k = 49
Tabu List: [(29, 9), (3, 9), (23, 9), (20, 9), (4, 9), (12, 9), (13, 9), (14, 9), (11, 24), (16, 25), (6, 26), (15, 26), (17, 26), (18, 27), (19, 22), (7, 22), (8, 22), (28, 22), (29, 22), (3, 22)]
x_new: [30, 10, 14, 13, 12, 4, 20, 23, 3, 29, 28, 9, 8, 7, 19, 22, 21, 18, 27, 17, 15, 6, 26, 16, 25, 11, 24, 5, 2, 1, 31]
Swap was made between jobs: (28, 9)
g_curr: 267
delta 0
g_best: 267
New g_best: 267
=========================
k = 50
Tabu List: [(28, 9), (29, 9), (3, 9), (23, 9), (20, 9), (4, 9), (12, 9), (13, 9), (14, 9), (11, 24), (16, 25), (6, 26), (15, 26), (17, 26), (18, 27), (19, 22), (7, 22), (8, 22), (28, 22), (29, 22)]
x_new: [30, 10, 14, 13, 12, 4, 20, 23, 3, 29, 28, 9, 8, 19, 7, 22, 21, 18, 27, 17, 15, 6, 26, 16, 25, 11, 24, 5, 2, 1, 31]
Swap was made between jobs: (19, 7)
g_curr: 267
delta 0
g_best: 267
New g_best: 267
=========================
k = 51
Tabu List: [(19, 7), (28, 9), (29, 9), (3, 9), (23, 9), (20, 9), (4, 9), (12, 9), (13, 9), (14, 9), (11, 24), (16, 25), (6, 26), (15, 26), (17, 26), (18, 27), (19, 22), (7, 22), (8, 22), (28, 22)]
x_new: [30, 10, 14, 13, 12, 4, 20, 23, 3, 29, 28, 9, 8, 19, 22, 7, 21, 18, 27, 17, 15, 6, 26, 16, 25, 11, 24, 5, 2, 1, 31]
Swap was made between jobs: (22, 7)
g_curr: 267
delta 0
=========================
k = 51
Tabu List: [(19, 7), (28, 9), (29, 9), (3, 9), (23, 9), (20, 9), (4, 9), (12, 9), (13, 9), (14, 9), (11, 24), (16, 25), (6, 26), (15, 26), (17, 26), (18, 27), (19, 22), (7, 22), (8, 22), (28, 22)]
x_new: [30, 10, 14, 13, 12, 4, 20, 23, 3, 29, 28, 9, 8, 19, 7, 22, 21, 27, 18, 17, 15, 6, 26, 16, 25, 11, 24, 5, 2, 1, 31]
Swap was made between jobs: (27, 18)
g_curr: 269
delta -2
=========================
k = 51
Tabu List: [(19, 7), (28, 9), (29, 9), (3, 9), (23, 9), (20, 9), (4, 9), (12, 9), (13, 9), (14, 9), (11, 24), (16, 25), (6, 26), (15, 26), (17, 26), (18, 27), (19, 22), (7, 22), (8, 22), (28, 22)]
x_new: [30, 10, 14, 13, 12, 4, 20, 23, 3, 29, 28, 9, 8, 19, 7, 22, 21, 18, 17, 27, 15, 6, 26, 16, 25, 11, 24, 5, 2, 1, 31]
Swap was made between jobs: (17, 27)
g_curr: 267
delta 0
g_best: 267
New g_best: 267
=========================
k = 52
Tabu List: [(17, 27), (19, 7), (28, 9), (29, 9), (3, 9), (23, 9), (20, 9), (4, 9), (12, 9), (13, 9), (14, 9), (11, 24), (16, 25), (6, 26), (15, 26), (17, 26), (18, 27), (19, 22), (7, 22), (8, 22)]
x_new: [30, 10, 14, 13, 12, 4, 20, 23, 3, 29, 28, 9, 8, 19, 7, 22, 21, 18, 17, 15, 27, 6, 26, 16, 25, 11, 24, 5, 2, 1, 31]
Swap was made between jobs: (15, 27)
g_curr: 267
delta 0
g_best: 267
New g_best: 267
=========================
k = 53
Tabu List: [(15, 27), (17, 27), (19, 7), (28, 9), (29, 9), (3, 9), (23, 9), (20, 9), (4, 9), (12, 9), (13, 9), (14, 9), (11, 24), (16, 25), (6, 26), (15, 26), (17, 26), (18, 27), (19, 22), (7, 22)]
x_new: [30, 10, 14, 13, 12, 4, 20, 23, 3, 29, 28, 9, 8, 19, 7, 22, 21, 18, 17, 15, 6, 27, 26, 16, 25, 11, 24, 5, 2, 1, 31]
Swap was made between jobs: (6, 27)
g_curr: 265
delta 2
g_best: 267
New g_best: 265
=========================
k = 54
Tabu List: [(6, 27), (15, 27), (17, 27), (19, 7), (28, 9), (29, 9), (3, 9), (23, 9), (20, 9), (4, 9), (12, 9), (13, 9), (14, 9), (11, 24), (16, 25), (6, 26), (15, 26), (17, 26), (18, 27), (19, 22)]
x_new: [30, 10, 14, 13, 12, 4, 20, 23, 3, 29, 28, 9, 8, 19, 7, 22, 21, 18, 17, 15, 6, 27, 16, 26, 25, 11, 24, 5, 2, 1, 31]
Swap was made between jobs: (16, 26)
g_curr: 255
delta 10
g_best: 265
New g_best: 255
=========================
k = 55
Tabu List: [(16, 26), (6, 27), (15, 27), (17, 27), (19, 7), (28, 9), (29, 9), (3, 9), (23, 9), (20, 9), (4, 9), (12, 9), (13, 9), (14, 9), (11, 24), (16, 25), (6, 26), (15, 26), (17, 26), (18, 27)]
x_new: [30, 10, 14, 13, 12, 4, 20, 23, 3, 29, 28, 9, 8, 19, 7, 22, 21, 18, 17, 15, 6, 27, 16, 26, 11, 25, 24, 5, 2, 1, 31]
Swap was made between jobs: (11, 25)
g_curr: 255
delta 0
g_best: 255
New g_best: 255
=========================
k = 56
Tabu List: [(11, 25), (16, 26), (6, 27), (15, 27), (17, 27), (19, 7), (28, 9), (29, 9), (3, 9), (23, 9), (20, 9), (4, 9), (12, 9), (13, 9), (14, 9), (11, 24), (16, 25), (6, 26), (15, 26), (17, 26)]
x_new: [30, 14, 10, 13, 12, 4, 20, 23, 3, 29, 28, 9, 8, 19, 7, 22, 21, 18, 17, 15, 6, 27, 16, 26, 11, 25, 24, 5, 2, 1, 31]
Swap was made between jobs: (14, 10)
g_curr: 255
delta 0
g_best: 255
New g_best: 255
=========================
k = 57
Tabu List: [(14, 10), (11, 25), (16, 26), (6, 27), (15, 27), (17, 27), (19, 7), (28, 9), (29, 9), (3, 9), (23, 9), (20, 9), (4, 9), (12, 9), (13, 9), (14, 9), (11, 24), (16, 25), (6, 26), (15, 26)]
x_new: [30, 14, 13, 10, 12, 4, 20, 23, 3, 29, 28, 9, 8, 19, 7, 22, 21, 18, 17, 15, 6, 27, 16, 26, 11, 25, 24, 5, 2, 1, 31]
Swap was made between jobs: (13, 10)
g_curr: 255
delta 0
g_best: 255
New g_best: 255
=========================
k = 58
Tabu List: [(13, 10), (14, 10), (11, 25), (16, 26), (6, 27), (15, 27), (17, 27), (19, 7), (28, 9), (29, 9), (3, 9), (23, 9), (20, 9), (4, 9), (12, 9), (13, 9), (14, 9), (11, 24), (16, 25), (6, 26)]
x_new: [30, 14, 13, 12, 10, 4, 20, 23, 3, 29, 28, 9, 8, 19, 7, 22, 21, 18, 17, 15, 6, 27, 16, 26, 11, 25, 24, 5, 2, 1, 31]
Swap was made between jobs: (12, 10)
g_curr: 255
delta 0
g_best: 255
New g_best: 255
=========================
k = 59
Tabu List: [(12, 10), (13, 10), (14, 10), (11, 25), (16, 26), (6, 27), (15, 27), (17, 27), (19, 7), (28, 9), (29, 9), (3, 9), (23, 9), (20, 9), (4, 9), (12, 9), (13, 9), (14, 9), (11, 24), (16, 25)]
x_new: [30, 14, 13, 12, 4, 10, 20, 23, 3, 29, 28, 9, 8, 19, 7, 22, 21, 18, 17, 15, 6, 27, 16, 26, 11, 25, 24, 5, 2, 1, 31]
Swap was made between jobs: (4, 10)
g_curr: 255
delta 0
g_best: 255
New g_best: 255
=========================
k = 60
Tabu List: [(4, 10), (12, 10), (13, 10), (14, 10), (11, 25), (16, 26), (6, 27), (15, 27), (17, 27), (19, 7), (28, 9), (29, 9), (3, 9), (23, 9), (20, 9), (4, 9), (12, 9), (13, 9), (14, 9), (11, 24)]
x_new: [30, 14, 13, 12, 4, 20, 10, 23, 3, 29, 28, 9, 8, 19, 7, 22, 21, 18, 17, 15, 6, 27, 16, 26, 11, 25, 24, 5, 2, 1, 31]
Swap was made between jobs: (20, 10)
g_curr: 255
delta 0
g_best: 255
New g_best: 255
=========================
k = 61
Tabu List: [(20, 10), (4, 10), (12, 10), (13, 10), (14, 10), (11, 25), (16, 26), (6, 27), (15, 27), (17, 27), (19, 7), (28, 9), (29, 9), (3, 9), (23, 9), (20, 9), (4, 9), (12, 9), (13, 9), (14, 9)]
x_new: [30, 14, 13, 12, 4, 20, 23, 10, 3, 29, 28, 9, 8, 19, 7, 22, 21, 18, 17, 15, 6, 27, 16, 26, 11, 25, 24, 5, 2, 1, 31]
Swap was made between jobs: (23, 10)
g_curr: 255
delta 0
g_best: 255
New g_best: 255
=========================
k = 62
Tabu List: [(23, 10), (20, 10), (4, 10), (12, 10), (13, 10), (14, 10), (11, 25), (16, 26), (6, 27), (15, 27), (17, 27), (19, 7), (28, 9), (29, 9), (3, 9), (23, 9), (20, 9), (4, 9), (12, 9), (13, 9)]
x_new: [30, 14, 13, 12, 4, 20, 23, 3, 10, 29, 28, 9, 8, 19, 7, 22, 21, 18, 17, 15, 6, 27, 16, 26, 11, 25, 24, 5, 2, 1, 31]
Swap was made between jobs: (3, 10)
g_curr: 250
delta 5
g_best: 255
New g_best: 250
=========================
k = 63
Tabu List: [(3, 10), (23, 10), (20, 10), (4, 10), (12, 10), (13, 10), (14, 10), (11, 25), (16, 26), (6, 27), (15, 27), (17, 27), (19, 7), (28, 9), (29, 9), (3, 9), (23, 9), (20, 9), (4, 9), (12, 9)]
x_new: [30, 14, 13, 12, 4, 20, 23, 3, 29, 10, 28, 9, 8, 19, 7, 22, 21, 18, 17, 15, 6, 27, 16, 26, 11, 25, 24, 5, 2, 1, 31]
Swap was made between jobs: (29, 10)
g_curr: 250
delta 0
g_best: 250
New g_best: 250
=========================
k = 64
Tabu List: [(29, 10), (3, 10), (23, 10), (20, 10), (4, 10), (12, 10), (13, 10), (14, 10), (11, 25), (16, 26), (6, 27), (15, 27), (17, 27), (19, 7), (28, 9), (29, 9), (3, 9), (23, 9), (20, 9), (4, 9)]
x_new: [30, 14, 13, 12, 4, 20, 23, 3, 29, 28, 10, 9, 8, 19, 7, 22, 21, 18, 17, 15, 6, 27, 16, 26, 11, 25, 24, 5, 2, 1, 31]
Swap was made between jobs: (28, 10)
g_curr: 250
delta 0
g_best: 250
New g_best: 250
=========================
k = 65
Tabu List: [(28, 10), (29, 10), (3, 10), (23, 10), (20, 10), (4, 10), (12, 10), (13, 10), (14, 10), (11, 25), (16, 26), (6, 27), (15, 27), (17, 27), (19, 7), (28, 9), (29, 9), (3, 9), (23, 9), (20, 9)]
x_new: [30, 14, 13, 12, 4, 20, 23, 3, 29, 28, 10, 9, 19, 8, 7, 22, 21, 18, 17, 15, 6, 27, 16, 26, 11, 25, 24, 5, 2, 1, 31]
Swap was made between jobs: (19, 8)
g_curr: 250
delta 0
g_best: 250
New g_best: 250
=========================
k = 66
Tabu List: [(19, 8), (28, 10), (29, 10), (3, 10), (23, 10), (20, 10), (4, 10), (12, 10), (13, 10), (14, 10), (11, 25), (16, 26), (6, 27), (15, 27), (17, 27), (19, 7), (28, 9), (29, 9), (3, 9), (23, 9)]
x_new: [30, 14, 13, 12, 4, 20, 23, 3, 29, 28, 10, 9, 19, 8, 22, 7, 21, 18, 17, 15, 6, 27, 16, 26, 11, 25, 24, 5, 2, 1, 31]
Swap was made between jobs: (22, 7)
g_curr: 250
delta 0
g_best: 250
New g_best: 250
=========================
k = 67
Tabu List: [(22, 7), (19, 8), (28, 10), (29, 10), (3, 10), (23, 10), (20, 10), (4, 10), (12, 10), (13, 10), (14, 10), (11, 25), (16, 26), (6, 27), (15, 27), (17, 27), (19, 7), (28, 9), (29, 9), (3, 9)]
x_new: [30, 14, 13, 12, 4, 20, 23, 3, 29, 28, 10, 9, 19, 8, 22, 21, 7, 18, 17, 15, 6, 27, 16, 26, 11, 25, 24, 5, 2, 1, 31]
Swap was made between jobs: (21, 7)
g_curr: 244
delta 6
g_best: 250
New g_best: 244
=========================
k = 68
Tabu List: [(21, 7), (22, 7), (19, 8), (28, 10), (29, 10), (3, 10), (23, 10), (20, 10), (4, 10), (12, 10), (13, 10), (14, 10), (11, 25), (16, 26), (6, 27), (15, 27), (17, 27), (19, 7), (28, 9), (29, 9)]
x_new: [30, 14, 13, 12, 4, 20, 23, 3, 29, 28, 10, 9, 19, 8, 22, 21, 18, 7, 17, 15, 6, 27, 16, 26, 11, 25, 24, 5, 2, 1, 31]
Swap was made between jobs: (18, 7)
g_curr: 238
delta 6
g_best: 244
New g_best: 238
=========================
k = 69
Tabu List: [(18, 7), (21, 7), (22, 7), (19, 8), (28, 10), (29, 10), (3, 10), (23, 10), (20, 10), (4, 10), (12, 10), (13, 10), (14, 10), (11, 25), (16, 26), (6, 27), (15, 27), (17, 27), (19, 7), (28, 9)]
x_new: [30, 14, 13, 12, 4, 20, 23, 3, 29, 28, 10, 9, 19, 8, 22, 21, 18, 17, 7, 15, 6, 27, 16, 26, 11, 25, 24, 5, 2, 1, 31]
Swap was made between jobs: (17, 7)
g_curr: 238
delta 0
g_best: 238
New g_best: 238
=========================
k = 70
Tabu List: [(17, 7), (18, 7), (21, 7), (22, 7), (19, 8), (28, 10), (29, 10), (3, 10), (23, 10), (20, 10), (4, 10), (12, 10), (13, 10), (14, 10), (11, 25), (16, 26), (6, 27), (15, 27), (17, 27), (19, 7)]
x_new: [30, 14, 13, 12, 4, 20, 23, 3, 29, 28, 10, 9, 19, 8, 22, 21, 18, 17, 15, 7, 6, 27, 16, 26, 11, 25, 24, 5, 2, 1, 31]
Swap was made between jobs: (15, 7)
g_curr: 238
delta 0
g_best: 238
New g_best: 238
=========================
k = 71
Tabu List: [(15, 7), (17, 7), (18, 7), (21, 7), (22, 7), (19, 8), (28, 10), (29, 10), (3, 10), (23, 10), (20, 10), (4, 10), (12, 10), (13, 10), (14, 10), (11, 25), (16, 26), (6, 27), (15, 27), (17, 27)]
x_new: [30, 14, 13, 12, 4, 20, 23, 3, 29, 28, 10, 9, 19, 8, 22, 21, 18, 17, 15, 7, 27, 6, 16, 26, 11, 25, 24, 5, 2, 1, 31]
Swap was made between jobs: (27, 6)
g_curr: 240
delta -2
=========================
k = 71
Tabu List: [(15, 7), (17, 7), (18, 7), (21, 7), (22, 7), (19, 8), (28, 10), (29, 10), (3, 10), (23, 10), (20, 10), (4, 10), (12, 10), (13, 10), (14, 10), (11, 25), (16, 26), (6, 27), (15, 27), (17, 27)]
x_new: [30, 14, 13, 12, 4, 20, 23, 3, 29, 28, 10, 9, 19, 8, 22, 21, 18, 17, 15, 7, 6, 16, 27, 26, 11, 25, 24, 5, 2, 1, 31]
Swap was made between jobs: (16, 27)
g_curr: 236
delta 2
g_best: 238
New g_best: 236
=========================
k = 72
Tabu List: [(16, 27), (15, 7), (17, 7), (18, 7), (21, 7), (22, 7), (19, 8), (28, 10), (29, 10), (3, 10), (23, 10), (20, 10), (4, 10), (12, 10), (13, 10), (14, 10), (11, 25), (16, 26), (6, 27), (15, 27)]
x_new: [30, 14, 13, 12, 4, 20, 23, 3, 29, 28, 10, 9, 19, 8, 22, 21, 18, 17, 15, 7, 6, 16, 27, 11, 26, 25, 24, 5, 2, 1, 31]
Swap was made between jobs: (11, 26)
g_curr: 236
delta 0
g_best: 236
New g_best: 236
=========================
k = 73
Tabu List: [(11, 26), (16, 27), (15, 7), (17, 7), (18, 7), (21, 7), (22, 7), (19, 8), (28, 10), (29, 10), (3, 10), (23, 10), (20, 10), (4, 10), (12, 10), (13, 10), (14, 10), (11, 25), (16, 26), (6, 27)]
x_new: [30, 14, 13, 4, 12, 20, 23, 3, 29, 28, 10, 9, 19, 8, 22, 21, 18, 17, 15, 7, 6, 16, 27, 11, 26, 25, 24, 5, 2, 1, 31]
Swap was made between jobs: (4, 12)
g_curr: 236
delta 0
g_best: 236
New g_best: 236
=========================
k = 74
Tabu List: [(4, 12), (11, 26), (16, 27), (15, 7), (17, 7), (18, 7), (21, 7), (22, 7), (19, 8), (28, 10), (29, 10), (3, 10), (23, 10), (20, 10), (4, 10), (12, 10), (13, 10), (14, 10), (11, 25), (16, 26)]
x_new: [30, 14, 13, 4, 20, 12, 23, 3, 29, 28, 10, 9, 19, 8, 22, 21, 18, 17, 15, 7, 6, 16, 27, 11, 26, 25, 24, 5, 2, 1, 31]
Swap was made between jobs: (20, 12)
g_curr: 236
delta 0
g_best: 236
New g_best: 236
=========================
k = 75
Tabu List: [(20, 12), (4, 12), (11, 26), (16, 27), (15, 7), (17, 7), (18, 7), (21, 7), (22, 7), (19, 8), (28, 10), (29, 10), (3, 10), (23, 10), (20, 10), (4, 10), (12, 10), (13, 10), (14, 10), (11, 25)]
x_new: [30, 14, 13, 4, 20, 23, 12, 3, 29, 28, 10, 9, 19, 8, 22, 21, 18, 17, 15, 7, 6, 16, 27, 11, 26, 25, 24, 5, 2, 1, 31]
Swap was made between jobs: (23, 12)
g_curr: 236
delta 0
g_best: 236
New g_best: 236
=========================
k = 76
Tabu List: [(23, 12), (20, 12), (4, 12), (11, 26), (16, 27), (15, 7), (17, 7), (18, 7), (21, 7), (22, 7), (19, 8), (28, 10), (29, 10), (3, 10), (23, 10), (20, 10), (4, 10), (12, 10), (13, 10), (14, 10)]
x_new: [30, 14, 13, 4, 20, 23, 3, 12, 29, 28, 10, 9, 19, 8, 22, 21, 18, 17, 15, 7, 6, 16, 27, 11, 26, 25, 24, 5, 2, 1, 31]
Swap was made between jobs: (3, 12)
g_curr: 234
delta 2
g_best: 236
New g_best: 234
=========================
k = 77
Tabu List: [(3, 12), (23, 12), (20, 12), (4, 12), (11, 26), (16, 27), (15, 7), (17, 7), (18, 7), (21, 7), (22, 7), (19, 8), (28, 10), (29, 10), (3, 10), (23, 10), (20, 10), (4, 10), (12, 10), (13, 10)]
x_new: [30, 14, 13, 4, 20, 23, 3, 29, 12, 28, 10, 9, 19, 8, 22, 21, 18, 17, 15, 7, 6, 16, 27, 11, 26, 25, 24, 5, 2, 1, 31]
Swap was made between jobs: (29, 12)
g_curr: 234
delta 0
g_best: 234
New g_best: 234
=========================
k = 78
Tabu List: [(29, 12), (3, 12), (23, 12), (20, 12), (4, 12), (11, 26), (16, 27), (15, 7), (17, 7), (18, 7), (21, 7), (22, 7), (19, 8), (28, 10), (29, 10), (3, 10), (23, 10), (20, 10), (4, 10), (12, 10)]
x_new: [30, 14, 13, 4, 20, 23, 3, 29, 28, 12, 10, 9, 19, 8, 22, 21, 18, 17, 15, 7, 6, 16, 27, 11, 26, 25, 24, 5, 2, 1, 31]
Swap was made between jobs: (28, 12)
g_curr: 234
delta 0
g_best: 234
New g_best: 234
=========================
k = 79
Tabu List: [(28, 12), (29, 12), (3, 12), (23, 12), (20, 12), (4, 12), (11, 26), (16, 27), (15, 7), (17, 7), (18, 7), (21, 7), (22, 7), (19, 8), (28, 10), (29, 10), (3, 10), (23, 10), (20, 10), (4, 10)]
x_new: [30, 14, 13, 4, 20, 23, 3, 29, 28, 10, 12, 9, 19, 8, 22, 21, 18, 17, 15, 7, 6, 16, 27, 11, 26, 25, 24, 5, 2, 1, 31]
Swap was made between jobs: (10, 12)
g_curr: 234
delta 0
g_best: 234
New g_best: 234
=========================
k = 80
Tabu List: [(10, 12), (28, 12), (29, 12), (3, 12), (23, 12), (20, 12), (4, 12), (11, 26), (16, 27), (15, 7), (17, 7), (18, 7), (21, 7), (22, 7), (19, 8), (28, 10), (29, 10), (3, 10), (23, 10), (20, 10)]
x_new: [30, 14, 13, 4, 20, 23, 3, 29, 28, 10, 9, 12, 19, 8, 22, 21, 18, 17, 15, 7, 6, 16, 27, 11, 26, 25, 24, 5, 2, 1, 31]
Swap was made between jobs: (9, 12)
g_curr: 234
delta 0
g_best: 234
New g_best: 234
=========================
k = 81
Tabu List: [(9, 12), (10, 12), (28, 12), (29, 12), (3, 12), (23, 12), (20, 12), (4, 12), (11, 26), (16, 27), (15, 7), (17, 7), (18, 7), (21, 7), (22, 7), (19, 8), (28, 10), (29, 10), (3, 10), (23, 10)]
x_new: [30, 14, 13, 4, 20, 23, 3, 29, 28, 10, 9, 19, 12, 8, 22, 21, 18, 17, 15, 7, 6, 16, 27, 11, 26, 25, 24, 5, 2, 1, 31]
Swap was made between jobs: (19, 12)
g_curr: 234
delta 0
g_best: 234
New g_best: 234
=========================
k = 82
Tabu List: [(19, 12), (9, 12), (10, 12), (28, 12), (29, 12), (3, 12), (23, 12), (20, 12), (4, 12), (11, 26), (16, 27), (15, 7), (17, 7), (18, 7), (21, 7), (22, 7), (19, 8), (28, 10), (29, 10), (3, 10)]
x_new: [30, 14, 13, 4, 20, 23, 3, 29, 28, 10, 9, 19, 8, 12, 22, 21, 18, 17, 15, 7, 6, 16, 27, 11, 26, 25, 24, 5, 2, 1, 31]
Swap was made between jobs: (8, 12)
g_curr: 234
delta 0
g_best: 234
New g_best: 234
=========================
k = 83
Tabu List: [(8, 12), (19, 12), (9, 12), (10, 12), (28, 12), (29, 12), (3, 12), (23, 12), (20, 12), (4, 12), (11, 26), (16, 27), (15, 7), (17, 7), (18, 7), (21, 7), (22, 7), (19, 8), (28, 10), (29, 10)]
x_new: [30, 14, 13, 4, 20, 23, 3, 29, 28, 10, 9, 19, 8, 22, 12, 21, 18, 17, 15, 7, 6, 16, 27, 11, 26, 25, 24, 5, 2, 1, 31]
Swap was made between jobs: (22, 12)
g_curr: 234
delta 0
g_best: 234
New g_best: 234
=========================
k = 84
Tabu List: [(22, 12), (8, 12), (19, 12), (9, 12), (10, 12), (28, 12), (29, 12), (3, 12), (23, 12), (20, 12), (4, 12), (11, 26), (16, 27), (15, 7), (17, 7), (18, 7), (21, 7), (22, 7), (19, 8), (28, 10)]
x_new: [30, 14, 13, 4, 20, 23, 3, 29, 28, 10, 9, 19, 8, 22, 21, 12, 18, 17, 15, 7, 6, 16, 27, 11, 26, 25, 24, 5, 2, 1, 31]
Swap was made between jobs: (21, 12)
g_curr: 234
delta 0
g_best: 234
New g_best: 234
=========================
k = 85
Tabu List: [(21, 12), (22, 12), (8, 12), (19, 12), (9, 12), (10, 12), (28, 12), (29, 12), (3, 12), (23, 12), (20, 12), (4, 12), (11, 26), (16, 27), (15, 7), (17, 7), (18, 7), (21, 7), (22, 7), (19, 8)]
x_new: [30, 14, 13, 4, 20, 23, 3, 29, 28, 10, 9, 19, 8, 22, 21, 18, 12, 17, 15, 7, 6, 16, 27, 11, 26, 25, 24, 5, 2, 1, 31]
Swap was made between jobs: (18, 12)
g_curr: 234
delta 0
g_best: 234
New g_best: 234
=========================
k = 86
Tabu List: [(18, 12), (21, 12), (22, 12), (8, 12), (19, 12), (9, 12), (10, 12), (28, 12), (29, 12), (3, 12), (23, 12), (20, 12), (4, 12), (11, 26), (16, 27), (15, 7), (17, 7), (18, 7), (21, 7), (22, 7)]
x_new: [30, 14, 13, 4, 20, 23, 3, 29, 28, 10, 9, 19, 8, 22, 21, 18, 17, 12, 15, 7, 6, 16, 27, 11, 26, 25, 24, 5, 2, 1, 31]
Swap was made between jobs: (17, 12)
g_curr: 234
delta 0
g_best: 234
New g_best: 234
=========================
k = 87
Tabu List: [(17, 12), (18, 12), (21, 12), (22, 12), (8, 12), (19, 12), (9, 12), (10, 12), (28, 12), (29, 12), (3, 12), (23, 12), (20, 12), (4, 12), (11, 26), (16, 27), (15, 7), (17, 7), (18, 7), (21, 7)]
x_new: [30, 14, 13, 4, 20, 23, 3, 29, 28, 10, 9, 19, 8, 22, 21, 18, 17, 15, 12, 7, 6, 16, 27, 11, 26, 25, 24, 5, 2, 1, 31]
Swap was made between jobs: (15, 12)
g_curr: 234
delta 0
g_best: 234
New g_best: 234
=========================
k = 88
Tabu List: [(15, 12), (17, 12), (18, 12), (21, 12), (22, 12), (8, 12), (19, 12), (9, 12), (10, 12), (28, 12), (29, 12), (3, 12), (23, 12), (20, 12), (4, 12), (11, 26), (16, 27), (15, 7), (17, 7), (18, 7)]
x_new: [30, 14, 13, 4, 20, 23, 3, 29, 28, 10, 9, 19, 8, 22, 21, 18, 17, 15, 7, 12, 6, 16, 27, 11, 26, 25, 24, 5, 2, 1, 31]
Swap was made between jobs: (7, 12)
g_curr: 234
delta 0
g_best: 234
New g_best: 234
=========================
k = 89
Tabu List: [(7, 12), (15, 12), (17, 12), (18, 12), (21, 12), (22, 12), (8, 12), (19, 12), (9, 12), (10, 12), (28, 12), (29, 12), (3, 12), (23, 12), (20, 12), (4, 12), (11, 26), (16, 27), (15, 7), (17, 7)]
x_new: [30, 14, 13, 4, 20, 23, 3, 29, 28, 10, 9, 19, 8, 22, 21, 18, 17, 15, 7, 6, 12, 16, 27, 11, 26, 25, 24, 5, 2, 1, 31]
Swap was made between jobs: (6, 12)
g_curr: 232
delta 2
g_best: 234
New g_best: 232
=========================
k = 90
Tabu List: [(6, 12), (7, 12), (15, 12), (17, 12), (18, 12), (21, 12), (22, 12), (8, 12), (19, 12), (9, 12), (10, 12), (28, 12), (29, 12), (3, 12), (23, 12), (20, 12), (4, 12), (11, 26), (16, 27), (15, 7)]
x_new: [30, 14, 13, 4, 20, 23, 3, 29, 28, 10, 9, 19, 8, 22, 21, 18, 17, 15, 7, 6, 16, 12, 27, 11, 26, 25, 24, 5, 2, 1, 31]
Swap was made between jobs: (16, 12)
g_curr: 230
delta 2
g_best: 232
New g_best: 230
=========================
k = 91
Tabu List: [(16, 12), (6, 12), (7, 12), (15, 12), (17, 12), (18, 12), (21, 12), (22, 12), (8, 12), (19, 12), (9, 12), (10, 12), (28, 12), (29, 12), (3, 12), (23, 12), (20, 12), (4, 12), (11, 26), (16, 27)]
x_new: [30, 14, 13, 4, 20, 23, 3, 29, 28, 10, 9, 19, 8, 22, 21, 18, 17, 15, 7, 6, 16, 27, 12, 11, 26, 25, 24, 5, 2, 1, 31]
Swap was made between jobs: (27, 12)
g_curr: 230
delta 0
g_best: 230
New g_best: 230
=========================
k = 92
Tabu List: [(27, 12), (16, 12), (6, 12), (7, 12), (15, 12), (17, 12), (18, 12), (21, 12), (22, 12), (8, 12), (19, 12), (9, 12), (10, 12), (28, 12), (29, 12), (3, 12), (23, 12), (20, 12), (4, 12), (11, 26)]
x_new: [30, 14, 13, 4, 20, 23, 3, 29, 28, 10, 9, 19, 8, 22, 21, 18, 17, 15, 7, 6, 16, 27, 11, 12, 26, 25, 24, 5, 2, 1, 31]
Swap was made between jobs: (11, 12)
g_curr: 230
delta 0
g_best: 230
New g_best: 230
=========================
k = 93
Tabu List: [(11, 12), (27, 12), (16, 12), (6, 12), (7, 12), (15, 12), (17, 12), (18, 12), (21, 12), (22, 12), (8, 12), (19, 12), (9, 12), (10, 12), (28, 12), (29, 12), (3, 12), (23, 12), (20, 12), (4, 12)]
x_new: [30, 14, 13, 4, 20, 23, 3, 29, 28, 10, 9, 19, 8, 22, 21, 18, 17, 15, 7, 6, 16, 27, 11, 26, 12, 25, 24, 5, 2, 1, 31]
Swap was made between jobs: (26, 12)
g_curr: 230
delta 0
g_best: 230
New g_best: 230
=========================
k = 94
Tabu List: [(26, 12), (11, 12), (27, 12), (16, 12), (6, 12), (7, 12), (15, 12), (17, 12), (18, 12), (21, 12), (22, 12), (8, 12), (19, 12), (9, 12), (10, 12), (28, 12), (29, 12), (3, 12), (23, 12), (20, 12)]
x_new: [30, 14, 13, 4, 20, 23, 3, 29, 28, 10, 9, 19, 8, 22, 21, 18, 17, 15, 7, 6, 16, 27, 11, 26, 25, 12, 24, 5, 2, 1, 31]
Swap was made between jobs: (25, 12)
g_curr: 230
delta 0
g_best: 230
New g_best: 230
=========================
k = 95
Tabu List: [(25, 12), (26, 12), (11, 12), (27, 12), (16, 12), (6, 12), (7, 12), (15, 12), (17, 12), (18, 12), (21, 12), (22, 12), (8, 12), (19, 12), (9, 12), (10, 12), (28, 12), (29, 12), (3, 12), (23, 12)]
x_new: [30, 14, 13, 4, 20, 23, 3, 29, 28, 10, 9, 19, 8, 22, 21, 18, 17, 15, 7, 6, 16, 27, 11, 26, 25, 24, 12, 5, 2, 1, 31]
Swap was made between jobs: (24, 12)
g_curr: 229
delta 1
g_best: 230
New g_best: 229
=========================
k = 96
Tabu List: [(24, 12), (25, 12), (26, 12), (11, 12), (27, 12), (16, 12), (6, 12), (7, 12), (15, 12), (17, 12), (18, 12), (21, 12), (22, 12), (8, 12), (19, 12), (9, 12), (10, 12), (28, 12), (29, 12), (3, 12)]
x_new: [30, 14, 4, 13, 20, 23, 3, 29, 28, 10, 9, 19, 8, 22, 21, 18, 17, 15, 7, 6, 16, 27, 11, 26, 25, 24, 12, 5, 2, 1, 31]
Swap was made between jobs: (4, 13)
g_curr: 229
delta 0
g_best: 229
New g_best: 229
=========================
k = 97
Tabu List: [(4, 13), (24, 12), (25, 12), (26, 12), (11, 12), (27, 12), (16, 12), (6, 12), (7, 12), (15, 12), (17, 12), (18, 12), (21, 12), (22, 12), (8, 12), (19, 12), (9, 12), (10, 12), (28, 12), (29, 12)]
x_new: [30, 14, 4, 20, 13, 23, 3, 29, 28, 10, 9, 19, 8, 22, 21, 18, 17, 15, 7, 6, 16, 27, 11, 26, 25, 24, 12, 5, 2, 1, 31]
Swap was made between jobs: (20, 13)
g_curr: 229
delta 0
g_best: 229
New g_best: 229
=========================
k = 98
Tabu List: [(20, 13), (4, 13), (24, 12), (25, 12), (26, 12), (11, 12), (27, 12), (16, 12), (6, 12), (7, 12), (15, 12), (17, 12), (18, 12), (21, 12), (22, 12), (8, 12), (19, 12), (9, 12), (10, 12), (28, 12)]
x_new: [30, 14, 4, 20, 23, 13, 3, 29, 28, 10, 9, 19, 8, 22, 21, 18, 17, 15, 7, 6, 16, 27, 11, 26, 25, 24, 12, 5, 2, 1, 31]
Swap was made between jobs: (23, 13)
g_curr: 229
delta 0
g_best: 229
New g_best: 229
=========================
k = 99
Tabu List: [(23, 13), (20, 13), (4, 13), (24, 12), (25, 12), (26, 12), (11, 12), (27, 12), (16, 12), (6, 12), (7, 12), (15, 12), (17, 12), (18, 12), (21, 12), (22, 12), (8, 12), (19, 12), (9, 12), (10, 12)]
x_new: [30, 14, 4, 20, 23, 3, 13, 29, 28, 10, 9, 19, 8, 22, 21, 18, 17, 15, 7, 6, 16, 27, 11, 26, 25, 24, 12, 5, 2, 1, 31]
Swap was made between jobs: (3, 13)
g_curr: 226
delta 3
g_best: 229
New g_best: 226
=========================
k = 100
Tabu List: [(3, 13), (23, 13), (20, 13), (4, 13), (24, 12), (25, 12), (26, 12), (11, 12), (27, 12), (16, 12), (6, 12), (7, 12), (15, 12), (17, 12), (18, 12), (21, 12), (22, 12), (8, 12), (19, 12), (9, 12)]
x_new: [30, 14, 4, 20, 23, 3, 29, 13, 28, 10, 9, 19, 8, 22, 21, 18, 17, 15, 7, 6, 16, 27, 11, 26, 25, 24, 12, 5, 2, 1, 31]
Swap was made between jobs: (29, 13)
g_curr: 226
delta 0
g_best: 226
New g_best: 226
